capacity: 17

item is: 4
dp:  [0, 0, 0, 0, 4, 4, 4, 4, 4, 4, 4, 4, 4, 4, 4, 4, 4, 4]
itemList:  [[], [], [], [], [4], [4], [4], [4], [4], [4], [4], [4], [4], [4], [4], [4], [4], [4]]

=================================================================================================
item is: 6
i = [17:5]

i = 17 if dp[17-6]+6>dp[17] =>True
dp: [0, 0, 0, 0, 4, 4, 4, 4, 4, 4, 4, 4, 4, 4, 4, 4, 4, 4]
                                      v                 v
dp[17] = dp[17-6]+6
=>  [0, 0, 0, 0, 4, 4, 4, 4, 4, 4, 4, 4, 4, 4, 4, 4, 4, 10]


i = 16 if dp[16-6]+6>dp[16] =>True
dp: [0, 0, 0, 0, 4, 4, 4, 4, 4, 4, 4, 4, 4, 4, 4, 4, 4, 4]
                                   v                 v
dp[16] = dp[16-6]+6
=>  [0, 0, 0, 0, 4, 4, 4, 4, 4, 4, 4, 4, 4, 4, 4, 4, 10, 10]


i = 15 if dp[15-6]+6>dp[15] =>True
dp: [0, 0, 0, 0, 4, 4, 4, 4, 4, 4, 4, 4, 4, 4, 4, 4, 10, 10]
                                v                 v
dp[15] = dp[15-6]+6
=>  [0, 0, 0, 0, 4, 4, 4, 4, 4, 4, 4, 4, 4, 4, 4, 10, 10, 10]


i = 14 if dp[14-6]+6>dp[14] =>True
dp: [0, 0, 0, 0, 4, 4, 4, 4, 4, 4, 4, 4, 4, 4, 4, 10, 10, 10]
                             v                 v
dp[14] = dp[14-6]+6
=>  [0, 0, 0, 0, 4, 4, 4, 4, 4, 4, 4, 4, 4, 4, 10, 10, 10, 10]


i = 13 if dp[13-6]+6>dp[13] =>True
dp: [0, 0, 0, 0, 4, 4, 4, 4, 4, 4, 4, 4, 4, 4, 10, 10, 10, 10]
                          v                 v
dp[13] = dp[13-6]+6
=>  [0, 0, 0, 0, 4, 4, 4, 4, 4, 4, 4, 4, 4, 10, 10, 10, 10, 10]


i = 12 if dp[12-6]+6>dp[12] =>True
dp: [0, 0, 0, 0, 4, 4, 4, 4, 4, 4, 4, 4, 4, 10, 10, 10, 10, 10]
                       v                 v
dp[12] = dp[12-6]+6
=>  [0, 0, 0, 0, 4, 4, 4, 4, 4, 4, 4, 4, 10, 10, 10, 10, 10, 10]


i = 11 if dp[11-6]+6>dp[11] =>True
dp: [0, 0, 0, 0, 4, 4, 4, 4, 4, 4, 4, 4, 10, 10, 10, 10, 10, 10]
                    v                 v
dp[11] = dp[11-6]+6
=>  [0, 0, 0, 0, 4, 4, 4, 4, 4, 4, 4,10, 10, 10, 10, 10, 10, 10]


i = 10 if dp[10-6]+6>dp[10] =>True
dp: [0, 0, 0, 0, 4, 4, 4, 4, 4, 4, 4,10, 10, 10, 10, 10, 10, 10]
                 v                 v
dp[10] = dp[10-6]+6
=>  [0, 0, 0, 0, 4, 4, 4, 4, 4, 4,10,10, 10, 10, 10, 10, 10, 10]


i = 9 if dp[9-6]+6>dp[9] =>True
dp: [0, 0, 0, 0, 4, 4, 4, 4, 4, 4,10,10, 10, 10, 10, 10, 10, 10]
              v                 v
dp[9] = dp[9-6]+6
=>  [0, 0, 0, 0, 4, 4, 4, 4, 4, 6,10,10, 10, 10, 10, 10, 10, 10]


i = 8 if dp[8-6]+6>dp[8] =>True
dp: [0, 0, 0, 0, 4, 4, 4, 4, 4, 6,10,10, 10, 10, 10, 10, 10, 10]
           v                 v
dp[8] = dp[8-6]+6
=>  [0, 0, 0, 0, 4, 4, 4, 4, 6, 6,10,10, 10, 10, 10, 10, 10, 10]


i = 7 if dp[7-6]+6>dp[7] =>True
dp: [0, 0, 0, 0, 4, 4, 4, 4, 6, 6,10,10, 10, 10, 10, 10, 10, 10]
        v                 v
dp[7] = dp[7-6]+6
=>  [0, 0, 0, 0, 4, 4, 4, 6, 6, 6,10,10, 10, 10, 10, 10, 10, 10]


i = 6 if dp[6-6]+6>dp[6] =>True
dp: [0, 0, 0, 0, 4, 4, 4, 6, 6, 6,10,10, 10, 10, 10, 10, 10, 10]
     v                 v
dp[6] = dp[6-6]+6
=>  [0, 0, 0, 0, 4, 4, 6, 6, 6, 6,10,10, 10, 10, 10, 10, 10, 10]

=================================================================================================
item is: 3
i = [17:2]

i = 17 if dp[17-3]+3>dp[17] =>True
dp: [0, 0, 0, 0, 4, 4, 6, 6, 6, 6,10,10, 10, 10, 10, 10, 10, 10]
                                                 v           v
dp[17] = dp[17-3]+3
=>  [0, 0, 0, 0, 4, 4, 6, 6, 6, 6,10,10, 10, 10, 10, 10, 10, 13]


i = 16 if dp[16-3]+3>dp[16] =>True
dp: [0, 0, 0, 0, 4, 4, 6, 6, 6, 6,10,10, 10, 10, 10, 10, 10, 13]
                                             v           v
dp[16] = dp[16-3]+3
=>  [0, 0, 0, 0, 4, 4, 6, 6, 6, 6,10,10, 10, 10, 10, 10, 13, 13]

i = 15
=>  [0, 0, 0, 0, 4, 4, 6, 6, 6, 6,10,10, 10, 10, 10, 13, 13, 13]
                                         v           v

i = 14
=>  [0, 0, 0, 0, 4, 4, 6, 6, 6, 6,10,10, 10, 10, 13, 13, 13, 13]
                                     v           v

i = 13
=>  [0, 0, 0, 0, 4, 4, 6, 6, 6, 6,10,10, 10, 13, 13, 13, 13, 13]
                                  v          v

i = 12 if dp[12-3]+3>dp[12] =>False
dp: [0, 0, 0, 0, 4, 4, 6, 6, 6, 6,10,10, 10, 13, 13, 13, 13, 13]
                                v        v


i = 11 if dp[11-3]+3>dp[11] =>False
dp: [0, 0, 0, 0, 4, 4, 6, 6, 6, 6,10,10, 10, 13, 13, 13, 13, 13]
                             v       v


i = 10 if dp[10-3]+3>dp[10] =>False
dp: [0, 0, 0, 0, 4, 4, 6, 6, 6, 6,10,10, 10, 13, 13, 13, 13, 13]
                          v       v


i = 9 if dp[9-3]+3>dp[9] =>True
dp: [0, 0, 0, 0, 4, 4, 6, 6, 6, 6,10,10, 10, 13, 13, 13, 13, 13]
                       v        v
dp[9] = dp[9-3]+3
=>  [0, 0, 0, 0, 4, 4, 6, 6, 6, 9,10,10, 10, 13, 13, 13, 13, 13]


i = 8 if dp[8-3]+3>dp[8] =>True
dp: [0, 0, 0, 0, 4, 4, 6, 6, 6, 9,10,10, 10, 13, 13, 13, 13, 13]
                    v        v
dp[8] = dp[8-3]+3
=>  [0, 0, 0, 0, 4, 4, 6, 6, 7, 9,10,10, 10, 13, 13, 13, 13, 13]


i = 7 if dp[7-3]+3>dp[7] =>True
dp: [0, 0, 0, 0, 4, 4, 6, 6, 7, 9,10,10, 10, 13, 13, 13, 13, 13]
                 v        v
dp[7] = dp[7-3]+3
=>  [0, 0, 0, 0, 4, 4, 6, 7, 7, 9,10,10, 10, 13, 13, 13, 13, 13]


i = 6 if dp[6-3]+3>dp[6] =>False
dp: [0, 0, 0, 0, 4, 4, 6, 6, 7, 9,10,10, 10, 13, 13, 13, 13, 13]
              v        v


i = 5 if dp[5-3]+3>dp[5] =>False
dp: [0, 0, 0, 0, 4, 4, 6, 6, 7, 9,10,10, 10, 13, 13, 13, 13, 13]
           v        v


i = 4 if dp[4-3]+3>dp[4] =>False
dp: [0, 0, 0, 0, 4, 4, 6, 6, 7, 9,10,10, 10, 13, 13, 13, 13, 13]
        v        v


i = 3 if dp[3-3]+3>dp[3] =>False
dp: [0, 0, 0, 0, 4, 4, 6, 6, 7, 9,10,10, 10, 13, 13, 13, 13, 13]
     v        v








